id,vertex_index,vertex_part,vertex_part_ring,vertex_part_index,distance,angle
,0,0,0,0,0.00000000000000,41.75461418277093
,1,0,0,1,191.70608005240871,24.13279395817242
,2,0,0,2,372.56123426348063,49.93952419935852
,3,0,0,3,560.88257768877725,107.09179883230713
,4,0,0,4,768.24440812262435,151.41626629094955
,5,0,0,5,975.16268333133291,166.79346333072786
,6,0,0,6,1124.88991829089059,169.31468886530766
,7,0,0,7,1324.94511019938795,190.36277943278660
,8,0,0,8,1564.76933972375991,205.84465769882337
,9,0,0,9,1670.81590339010336,226.44563479812552
,10,0,0,10,1876.93337384100823,253.58193568672945
,11,0,0,11,2022.93237471027101,269.09864722172063
,12,0,0,12,2375.01456521139244,288.32550183004867
,13,0,0,13,2637.30883879248177,311.43749182556309
,14,0,0,14,2813.53250875217145,339.59245806259435
,15,0,0,15,3019.64997920287124,15.23277245967337
,16,0,0,16,3139.21680160454525,56.67026428522754
,17,0,0,17,3383.59506236972220,77.45292195548876
,18,0,0,18,3619.40133363527730,60.42246754711384
,19,0,0,19,3683.84423850133498,41.75461418277093
